AnimalID	Date	percent_CD45pos	percent_CD4posCD45pos	percent_CD8posCD45pos	percent_Mycpos_hCD45pos	percent_CD4posMycposCD45pos	percent_CD8posMycposCD45pos	percent_CD4pos_of_CD45posMycpos	percent_CD8pos_of_CD45posMycpos
CRISPR02M.01	2019/09/13	0.012	0	100	100	0	100	0	100
CRISPR02M.02	2019/09/13	1.7	72.9	23.5	14.1	6.45	35	33.3	66.7
CRISPR02M.03	2019/09/13	0.045	0	100	33.3	0	33.3	0	100
CRISPR02M.04	2019/09/13	0.29	63.3	30	36.7	5.26	88.9	9.09	90.9
CRISPR02M.05	2019/09/13	29.7	33.9	59.7	3.47	4.3	2.75	42.1	47.4
CRISPR02M.06	2019/09/13	12.2	16.2	78.4	1.33	6.36	0.19	77.8	22.2
CRISPR02M.07	2019/09/13	0	0	0	0	0	0	0	0
CRISPR02M.08	2019/09/13	0	0	0	0	0	0	0	0
CRISPR02M.09	2019/09/13	0.1	16.7	50	50	100	66.7	33.3	66.7
CRISPR02M.10	2019/09/13	18.6	24.3	70.7	0.71	0	1.01	0	100
CRISPR02M.11	2019/09/13	31.2	28.8	63.8	2.82	5.34	1.42	59.8	40.2
CRISPR02M.12	2019/09/13	39.1	22.2	53.4	1.95	1.99	2.32	22.7	72.7
CRISPR02M.13	2019/09/13	0.084	14.3	14.3	28.6	0	100	0	100
CRISPR02M.14	2019/09/13	0.043	33.3	33.3	33.3	100	0	100	0
CRISPR02M.15	2019/09/13	0.055	16.7	16.7	16.7	0	0	0	100
CRISPR02M.21	2019/09/13	0	0	0	0	0	0	0	0
CRISPR02M.22	2019/09/13	0.013	100	0	0	0	0	0	0
CRISPR02M.23	2019/09/13	0.096	0	25	12.5	0	0	0	100
CRISPR02M.24	2019/09/13	0.016	0	100	0	0	0	0	0
CRISPR02M.25	2019/09/13	0.055	0	20	20	0	0	0	100
CRISPR02M.26	2019/09/13	0.01	0	100	100	0	100	0	100
CRISPR02M.27	2019/09/13	0	0	0	0	0	0	0	0
CRISPR02M.28	2019/09/13	0.01	0	0	0	0	0	0	0
CRISPR02M.29	2019/09/13	0	0	0	0	0	0	0	0
CRISPR02M.30	2019/09/13	49.3	34.5	59.2	0.66	0.93	0.49	50	50
CRISPR02M.31	2019/09/13	0.024	0	50	50	0	0	0	100
CRISPR02M.32	2019/09/13	0.067	20	60	20	0	33.3	0	100
CRISPR02M.33	2019/09/13	0	0	0	0	0	0	0	0
CRISPR02M.34	2019/09/13	0	0	0	0	0	0	0	0
CRISPR02M.35	2019/09/13	0.022	0	100	0	0	0	0	0
CRISPR02M.01	2019/09/20	0.26	0	87.5	12.5	0	14.3	0	100
CRISPR02M.02	2019/09/20	9.31	48.8	43	17.4	16.9	18.3	47.6	47.6
CRISPR02M.03	2019/09/20	59	12.1	83.8	1.73	5.19	1.08	39.2	58
CRISPR02M.04	2019/09/20	1.05	41.7	58.3	66.7	50	78.6	31.2	68.8
CRISPR02M.05	2019/09/20	36.7	24.2	71.2	1.96	4.43	1	59.1	36.4
CRISPR02M.06	2019/09/20	51.6	14	81.1	3.44	5.41	3.05	23.2	76.8
CRISPR02M.07	2019/09/20	0.015	0	100	100	0	100	0	100
CRISPR02M.08	2019/09/20	0.06	33.3	33.3	66.7	0	100	0	100
CRISPR02M.09	2019/09/20	0	0	0	0	0	0	0	0
CRISPR02M.10	2019/09/20	0.23	90	10	70	66.7	100	85.7	14.3
CRISPR02M.11	2019/09/20	0	0	0	0	0	0	0	0
CRISPR02M.12	2019/09/20	40.4	13.4	81.7	8.42	13.5	7.58	22.8	76.4
CRISPR02M.13	2019/09/20	0.024	0	100	50	0	50	0	100
CRISPR02M.14	2019/09/20	9.09	0	66.7	33.3	0	50	0	100
CRISPR02M.15	2019/09/20	6.9	0	75	0	0	0	0	0
CRISPR02M.21	2019/09/20	5.97	0	50	0	0	0	0	0
CRISPR02M.22	2019/09/20	6.02	0	60	20	0	0	0	0
CRISPR02M.23	2019/09/20	2.5	15.3	82.2	13.9	22.6	12.7	25	75
CRISPR02M.24	2019/09/20	0.063	0	100	100	0	100	0	100
CRISPR02M.25	2019/09/20	0.16	0	83.3	50	0	40	0	66.7
CRISPR02M.26	2019/09/20	0.44	29.2	66.7	20.8	0	31.2	0	100
CRISPR02M.27	2019/09/20	0.34	0	100	0	0	0	0	0
CRISPR02M.28	2019/09/20	0.22	12.5	50	12.5	0	0	0	100
CRISPR02M.29	2019/09/20	0.65	78	22	14.6	0	66.7	0	100
CRISPR02M.30	2019/09/20	59.9	15	70.2	0.95	1.26	0.87	23.5	69.4
CRISPR02M.31	2019/09/20	0.051	0	100	0	0	0	0	0
CRISPR02M.32	2019/09/20	0.22	54.5	45.5	36.4	16.7	60	25	75
CRISPR02M.33	2019/09/20	0.074	0	75	50	0	33.3	0	100
CRISPR02M.34	2019/09/20	0.061	0	75	0	0	0	0	0
CRISPR02M.35	2019/09/20	0.087	0	66.7	66.7	0	50	0	50
CRISPR02M.01	2019/09/26	0.094	0	100	100	0	100	0	100
CRISPR02M.02	2019/09/26	18.9	42.4	55.7	9.54	12.5	5.93	63.1	33.1
CRISPR02M.03	2019/09/26	0.59	55.3	42.6	21.3	0	40	10	80
CRISPR02M.04	2019/09/26	2.08	41.7	54.8	27.1	20.5	33	31.5	63
CRISPR02M.07	2019/09/26	0.051	66.7	33.3	100	100	100	66.7	33.3
CRISPR02M.08	2019/09/26	0.066	0	100	100	0	100	0	100
CRISPR02M.09	2019/09/26	0.37	53.3	43.3	23.3	37.5	7.69	85.7	0
CRISPR02M.13	2019/09/26	0	0	0	0	0	0	0	0
CRISPR02M.14	2019/09/26	0.11	0	83.3	83.3	0	80	0	80
CRISPR02M.15	2019/09/26	0.22	0	100	91.7	0	91.7	0	81.8
CRISPR02M.21	2019/09/26	0	0	0	0	0	0	0	0
CRISPR02M.22	2019/09/26	1.16	64.4	32.9	42.5	21.3	79.2	38.7	61.3
CRISPR02M.23	2019/09/26	0	0	0	0	0	0	0	0
CRISPR02M.24	2019/09/26	0	0	0	0	0	0	0	0
CRISPR02M.25	2019/09/26	0.021	0	100	100	0	100	0	100
CRISPR02M.26	2019/09/26	5.08	46.3	51.4	17.6	22	11.7	63.2	23.7
CRISPR02M.27	2019/09/26	0.04	0	0	100	0	0	0	100
CRISPR02M.28	2019/09/26	0.28	50	37.5	75	100	33.3	66.7	33.3
CRISPR02M.29	2019/09/26	0.37	37.5	37.5	62.5	33.3	66.7	20	60
CRISPR02M.31	2019/09/26	0.018	0	100	100	0	100	0	100
CRISPR02M.32	2019/09/26	1.99	17.2	72.4	34.5	20	38.1	10	70
CRISPR02M.33	2019/09/26	0	0	0	0	0	0	0	0
CRISPR02M.34	2019/09/26	1.08	0	50	100	0	100	0	100
CRISPR02M.35	2019/09/26	0.03	0	100	100	0	100	0	100
CRISPR02M.01	2019/10/04	0.092	0	60	80	0	66.7	0	75
CRISPR02M.02	2019/10/04	19.4	43.9	52.6	0.86	3.6	1.37	40.5	51.4
CRISPR02M.03	2019/10/04	1.02	54.5	45.5	36.4	0	80	0	100
CRISPR02M.04	2019/10/04	12.7	43.5	51.7	1.27	5.11	6.13	0	100
CRISPR02M.07	2019/10/04	0.27	20	80	100	100	100	20	80
CRISPR02M.08	2019/10/04	0.18	0	100	83.3	0	100	0	100
CRISPR02M.09	2019/10/04	2.63	21.6	75	6.76	28.1	1.8	80	20
CRISPR02M.13	2019/10/04	0.031	0	50	100	0	100	0	100
CRISPR02M.14	2019/10/04	0.47	0	100	40	0	40	0	100
CRISPR02M.15	2019/10/04	0.1	0	100	100	0	100	0	100
CRISPR02M.21	2019/10/04	0	0	0	0	0	0	0	0
CRISPR02M.22	2019/10/04	7.99	63.9	34.7	13.3	20.3	31.3	47.4	50
CRISPR02M.23	2019/10/04	0.085	0	66.7	100	0	100	0	100
CRISPR02M.24	2019/10/04	0	0	0	0	0	0	0	0
CRISPR02M.25	2019/10/04	0.23	0	66.7	100	0	100	0	86.7
CRISPR02M.26	2019/10/04	42.5	25.7	66.2	3.63	9.27	8.81	18.6	81.4
CRISPR02M.27	2019/10/04	0.14	0	100	80	0	80	0	100
CRISPR02M.28	2019/10/04	1.04	20.4	38.9	92.6	100	85.7	36	42
CRISPR02M.29	2019/10/04	0.17	0	80	100	0	100	0	80
CRISPR02M.31	2019/10/04	0.44	0	50	100	0	100	0	50
CRISPR02M.32	2019/10/04	4.85	32.2	58	33.7	62.1	47.1	36.2	62.3
CRISPR02M.33	2019/10/04	0.55	25	62.5	100	100	100	25	75
CRISPR02M.34	2019/10/04	0.21	0	70	100	0	100	0	80
CRISPR02M.35	2019/10/04	0.48	0	71.4	100	0	100	0	100
CRISPR02M.01	2019/10/11	0.53	0	100	100	0	100	0	100
CRISPR02M.02	2019/10/11	7.6	30.8	63.1	7.69	15	4.88	60	40
CRISPR02M.03	2019/10/11	0.97	71.4	28.6	28.6	0	100	0	100
CRISPR02M.04	2019/10/11	4.05	27.2	70.7	2.17	0	3.08	0	100
CRISPR02M.07	2019/10/11	0	0	0	0	0	0	0	0
CRISPR02M.08	2019/10/11	0.2	0	100	0	0	0	0	0
CRISPR02M.09	2019/10/11	8.96	40.8	59.2	2.04	5	0	100	0
CRISPR02M.13	2019/10/11	0	0	0	0	0	0	0	0
CRISPR02M.14	2019/10/11	0	0	0	0	0	0	0	0
CRISPR02M.15	2019/10/11	0	0	0	0	0	0	0	0
CRISPR02M.21	2019/10/11	0	0	0	0	0	0	0	0
CRISPR02M.22	2019/10/11	2.01	30	65	30	16.7	38.5	16.7	83.3
CRISPR02M.23	2019/10/11	0	0	0	0	0	0	0	0
CRISPR02M.24	2019/10/11	0	0	0	0	0	0	0	0
CRISPR02M.25	2019/10/11	0	0	0	0	0	0	0	0
CRISPR02M.26	2019/10/11	0	0	0	0	0	0	0	0
CRISPR02M.27	2019/10/11	0	0	0	0	0	0	0	0
CRISPR02M.28	2019/10/11	0	0	0	0	0	0	0	0
CRISPR02M.29	2019/10/11	0	0	0	0	0	0	0	0
CRISPR02M.31	2019/10/11	0	0	0	0	0	0	0	0
CRISPR02M.32	2019/10/11	2.29	23.3	69.8	4.65	0	6.67	0	100
CRISPR02M.33	2019/10/11	0.24	66.7	33.3	100	100	100	66.7	33.3
CRISPR02M.34	2019/10/11	0.053	0	100	100	0	100	0	100
CRISPR02M.35	2019/10/11	0	0	0	0	0	0	0	0
CRISPR02M.01	2019/10/18	0.17	0	100	100	0	100	0	100
CRISPR02M.02	2019/10/18	28.6	34	64.5	2.14	3.47	1.2	58.9	38.6
CRISPR02M.03	2019/10/18	1.51	50	50	41.7	0	83.3	0	100
CRISPR02M.04	2019/10/18	10.3	19.8	79.3	1.85	4.95	0.82	52.9	47.1
CRISPR02M.07	2019/10/18	0.28	33.3	66.7	100	100	100	33.3	66.7
CRISPR02M.08	2019/10/18	0.17	0	66.7	66.7	0	50	0	50
CRISPR02M.09	2019/10/18	24.3	70.9	28.5	4.57	5.37	2.26	84.4	14.5
CRISPR02M.13	2019/10/18	0.21	0	100	52.9	0	52.9	0	88.9
CRISPR02M.14	2019/10/18	0	0	0	0	0	0	0	0
CRISPR02M.15	2019/10/18	0.031	100	0	0	0	0	0	0
CRISPR02M.21	2019/10/18	0.68	75	25	25	0	100	0	0
CRISPR02M.22	2019/10/18	6.77	15	79.7	3.05	6.78	2.55	33.3	66.7
CRISPR02M.23	2019/10/18	0	0	0	0	0	0	0	0
CRISPR02M.24	2019/10/18	0	0	0	0	0	0	0	0
CRISPR02M.25	2019/10/18	0.074	0	100	0	0	0	0	0
CRISPR02M.26	2019/10/18	48.6	43.9	53.1	0.52	0.57	0.44	48.7	42.2
CRISPR02M.27	2019/10/18	0.05	100	0	0	0	0	0	0
CRISPR02M.28	2019/10/18	0.061	100	0	100	100	0	100	0
CRISPR02M.29	2019/10/18	0	0	0	0	0	0	0	0
CRISPR02M.31	2019/10/18	0	0	0	0	0	0	0	0
CRISPR02M.32	2019/10/18	6.04	23.4	69.8	2.37	4.35	1.94	42.9	57.1
CRISPR02M.33	2019/10/18	0.069	0	100	100	0	100	0	100
CRISPR02M.34	2019/10/18	0.12	0	100	100	0	100	0	100
CRISPR02M.35	2019/10/18	0.18	0	100	50	0	50	0	100
CRISPR02M.01	2019/10/30	0	0	0	0	0	0	0	0
CRISPR02M.03	2019/10/30	0.27	50	50	25	0	50	0	100
CRISPR02M.04	2019/10/30	23	8.88	87.6	3.42	4.1	3.33	10.6	89.4
CRISPR02M.07	2019/10/30	0.099	0	100	100	0	100	0	100
CRISPR02M.08	2019/10/30	5	67.2	32.8	4.92	7.32	0	100	0
CRISPR02M.09	2019/10/30	22.9	58.1	40.8	20	22.6	15.7	66	33
CRISPR02M.13	2019/10/30	0.067	100	0	0	0	0	0	0
CRISPR02M.14	2019/10/30	0.68	71.4	28.6	42.9	20	100	33.3	66.7
CRISPR02M.15	2019/10/30	0.69	83.3	16.7	25	10	100	33.3	66.7
CRISPR02M.21	2019/10/30	0	0	0	0	0	0	0	0
CRISPR02M.22	2019/10/30	17.8	5.84	91.6	4.96	6.06	4.83	7.14	89.3
CRISPR02M.23	2019/10/30	0	0	0	0	0	0	0	0
CRISPR02M.24	2019/10/30	0	0	0	0	0	0	0	0
CRISPR02M.25	2019/10/30	0	0	0	0	0	0	0	0
CRISPR02M.27	2019/10/30	0.21	0	100	100	0	100	0	100
CRISPR02M.28	2019/10/30	0	0	0	0	0	0	0	0
CRISPR02M.29	2019/10/30	0	0	0	0	0	0	0	0
CRISPR02M.31	2019/10/30	0.079	0	100	100	0	100	0	100
CRISPR02M.32	2019/10/30	7.59	24.4	73.8	6.88	15.4	3.39	54.5	45.5
CRISPR02M.33	2019/10/30	0.32	100	0	66.7	66.7	0	100	0
CRISPR02M.34	2019/10/30	0	0	0	0	0	0	0	0
CRISPR02M.35	2019/10/30	0.11	0	100	50	0	50	0	100
CRISPR02M.01	2019/11/22	0.087	0	100	60	0	60	0	100
CRISPR02M.03	2019/11/22	0.13	100	0	0	0	0	0	0
CRISPR02M.04	2019/11/22	26.1	4.53	91.6	19.3	17.8	19.3	4.3	93.9
CRISPR02M.07	2019/11/22	0.049	0	100	0	0	0	0	0
CRISPR02M.08	2019/11/22	0.28	0	100	50	0	50	0	100
CRISPR02M.09	2019/11/22	16.7	26.1	73.5	10.1	13.4	9	34.5	65.5
CRISPR02M.13	2019/11/22	0.15	0	100	66.7	0	66.7	0	100
CRISPR02M.14	2019/11/22	0	0	0	0	0	0	0	0
CRISPR02M.15	2019/11/22	0.11	50	50	50	0	100	0	100
CRISPR02M.21	2019/11/22	0.082	50	50	0	0	0	0	0
CRISPR02M.22	2019/11/22	11.5	1.84	95.6	7.82	0	8.17	0	100
CRISPR02M.23	2019/11/22	0.052	0	100	100	0	100	0	100
CRISPR02M.24	2019/11/22	0.087	0	50	100	0	100	0	100
CRISPR02M.25	2019/11/22	0	0	0	0	0	0	0	0
CRISPR02M.27	2019/11/22	0	0	0	0	0	0	0	0
CRISPR02M.28	2019/11/22	0.15	0	100	100	0	100	0	100
CRISPR02M.29	2019/11/22	0	0	0	0	0	0	0	0
CRISPR02M.31	2019/11/22	0	0	0	0	0	0	0	0
CRISPR02M.32	2019/11/22	13.5	6.51	92.7	12.8	22.1	12.1	11.3	88.7
CRISPR02M.33	2019/11/22	1.24	75	25	68.8	91.7	0	100	0
CRISPR02M.34	2019/11/22	0.38	0	100	100	0	100	0	100
CRISPR02M.35	2019/11/22	0	0	0	0	0	0	0	0
CRISPR02M.01	2019/11/27	0.00648	0	100	0	0	0	0	0
CRISPR02M.03	2019/11/27	0.089	100	0	100	100	0	100	0
CRISPR02M.03	2019/11/27	0.11	33.3	66.7	100	100	100	33.3	66.7
CRISPR02M.08	2019/11/27	0.058	0	100	100	0	100	0	100
CRISPR02M.09	2019/11/27	7.61	18.6	79.1	40.1	71.2	33.3	33.1	66.1
CRISPR02M.14	2019/11/27	0.23	33.3	66.7	40	60	30	50	50
CRISPR02M.15	2019/11/27	0.045	50	50	50	0	100	0	100
CRISPR02M.21	2019/11/27	0.83	53.3	45.6	2.22	2.08	2.44	50	50
CRISPR02M.23	2019/11/27	0.027	0	100	100	0	100	0	0
CRISPR02M.24	2019/11/27	0.044	0	0	50	0	0	100	0
CRISPR02M.25	2019/11/27	0.33	87.5	12.5	75	82.1	25	95.8	0
CRISPR02M.28	2019/11/27	0	0	0	0	0	0	0	0
CRISPR02M.28	2019/11/27	7.3	4.81	92.7	11.6	22.6	11.1	10.7	86.7
CRISPR02M.29	2019/11/27	14.1	5.31	92.5	6.33	20	5.48	16.8	73.3
CRISPR02M.32	2019/11/27	7.34	4.86	87.5	7.97	11.7	7.22	6.51	62.1
CRISPR02M.33	2019/11/27	0.65	66.7	30	78.3	87.5	55.6	76.6	21.3
CRISPR02M.33	2019/11/27	1.85	17.8	79.5	16.4	53.8	8.62	50	33.3
CRISPR02M.34	2019/11/27	0	0	0	0	0	0	0	0
CRISPR02M.13a	2019/12/17	0.21	0	100	88.9	0	88.9	0	100
CRISPR02M.27a	2019/12/17	0.49	10.5	84.2	84.2	100	81.2	12.5	87.5
CRISPR02M.31a	2019/12/17	0.6	3.45	79.3	89.7	100	87	3.85	92.3
CRISPR02M.35a	2019/12/17	0.24	4.35	82.6	82.6	100	78.9	5.26	94.7
CRISPR02M.13a	2019/12/26	0.65	47.8	43.5	87	90.9	90	50	45
CRISPR02M.27a	2019/12/26	0.63	69.2	26.9	100	100	100	69.2	26.9
CRISPR02M.31a	2019/12/26	1.81	52.1	46.2	96.6	96.7	96.3	52.2	46
CRISPR02M.35a	2019/12/26	0.75	63.3	36.7	90	89.5	90.9	63	37
CRISPR02M.13a	2020/01/03	0.74	60	37.1	92.4	96.8	89.7	62.9	36.1
CRISPR02M.27a	2020/01/03	1.91	63.8	35.7	89.7	97.5	75.8	69.3	30.1
CRISPR02M.31a	2020/01/03	6.27	58.3	40.6	85.3	98.1	67	67.1	31.9
CRISPR02M.35a	2020/01/03	6.06	64.8	34.9	88	89.5	85.3	65.9	33.8
CRISPR02M.13a	2020/01/08	0.75	58.2	41.8	100	100	100	58.2	41.8
CRISPR02M.27a	2020/01/08	1.41	51.6	43.4	95.9	100	90.6	53.8	41
CRISPR02M.31a	2020/01/08	3.58	59.3	37.9	98.9	99.1	98.6	59.4	37.8
CRISPR02M.35a	2020/01/08	3.06	78.7	19.8	98.1	98.6	96.2	79.1	19.4
CRISPR02M.13a	2020/01/22	2	75.9	23.4	94.1	95	91.2	76.6	22.7
CRISPR02M.27a	2020/01/22	3.97	54.3	44.8	97.5	98.7	96.8	55	44.4
CRISPR02M.31a	2020/01/22	10.2	70.5	27.7	97	98.6	93.4	71.7	26.7
CRISPR02M.35a	2020/01/22	13.7	68.8	29.3	80	89.2	59.8	76.7	21.9
CRISPR02M.13a	2020/02/06	8.86	59.5	36.2	95.8	99.1	90.1	61.6	34.2
CRISPR02M.27a	2020/02/06	7.46	58	35.3	96.6	99.5	91.3	59.7	34.6
CRISPR02M.31a	2020/02/06	25.3	50.3	40.5	96.8	99.3	93.4	51.6	39.4
CRISPR02M.35a	2020/02/06	10.2	59	36.4	90	97.8	77.2	64.1	31.4
CRISPR02M.13a	2020/02/26	6.52	51.1	38.4	85.8	98.9	73.4	58.9	32.9
CRISPR02M.27a	2020/02/26	5.13	60.7	31.4	96.3	100	88.3	63	28.8
CRISPR02M.31a	2020/02/26	24.4	38	39.4	94.6	98.8	88.8	39.7	37
CRISPR02M.35a	2020/02/26	18	48.5	46.7	85.1	96.3	73.1	54.9	40.2
CRISPR02M.13a	2020/03/09	4.31	55.2	37.5	88.5	100	77.1	62.4	32.7
CRISPR02M.27a	2020/03/09	8.59	56.1	32.2	95.4	99.3	86.9	58.4	30.4
CRISPR02M.31a	2020/03/09	35.8	43.9	30.2	92.3	96.1	83.1	45.7	27.2
CRISPR02M.35a	2020/03/09	14.7	48.4	48.8	83.6	96.6	70.6	55.9	41.4
CRISPR02M.13a	2020/03/18	0.92	55.6	44.4	80.6	95	62.5	65.5	34.5
CRISPR02M.27a	2020/03/18	2.22	58.7	24.9	91.8	99.5	73.2	63.6	19.9
CRISPR02M.35a	2020/03/18	5.06	34.1	63.5	67.1	93.1	53.7	47.4	50.9
